7
9
	 -0.0061  -0.0712   0.5178   0.1392   0.7672  -0.6414  -0.0410
	  0.0386   0.2357   0.7266   0.9886  -0.0715  -0.9974   0.2378
	 -0.3245   0.1415   0.2353   0.2497   1.0000  -0.0021   0.3248
	  0.1949  -0.0937   0.7348   0.6498   0.8084  -0.5886  -0.2128
	  0.0219   0.1433   0.2849   0.4765  -0.1469  -0.9891   0.1450
	 -0.1572   0.0923   0.1690   0.6893   0.9282  -0.3722   0.1803
	 -0.2473   0.0164   0.1565   0.5002   0.0013  -1.0000   0.0167
	 -0.0972  -0.3892   0.1529   0.4989  -0.0069  -1.0000  -0.3898
	 -0.1735  -0.3289   0.1192   0.2478   0.9999  -0.0135   0.1690
1 1
000001ff 

9
13
	  0.3048  -0.0278   0.4485   0.7424   0.9989  -0.0479  -0.3058
	 -0.2688  -0.2066   0.1139   0.1538   0.8227  -0.5685   0.1037
	 -0.1419  -0.2006   0.2306   0.9261  -0.4481  -0.8940  -0.2429
	  0.0350  -0.1892   0.2454   0.0884   0.5271  -0.8498  -0.1792
	 -0.2963   0.1243   0.2819   0.2442   0.9993  -0.0367   0.3006
	 -0.0093   0.2074   0.2137   0.4796  -0.1281  -0.9918   0.2045
	  0.0994   0.1565   0.1943   0.3536  -0.7956  -0.6058   0.1739
	 -0.0738  -0.0722   0.3862   0.4797  -0.1271  -0.9919  -0.0810
	 -0.0131  -0.2916   0.4481   0.4955  -0.0283  -0.9996  -0.2919
	 -0.1080   0.1156   0.2198   0.7651  -0.9955  -0.0945  -0.0966
	 -0.1443   0.3054   0.3127   0.0502   0.3101  -0.9507   0.3351
	  0.0463   0.0548   0.2475   0.0804   0.4838  -0.8752   0.0256
	  0.1389   0.2721   0.3933   0.9382  -0.3783  -0.9257   0.3044
1 1
00001fff 

8
11
	  0.0157   0.2106   0.2134   0.4625  -0.2335  -0.9724   0.2085
	  0.0059  -0.0685   0.2085   0.4678  -0.2009  -0.9796  -0.0660
	 -0.0906  -0.1533   0.1987   0.7974  -0.9559  -0.2937  -0.1316
	  0.2991   0.0911   0.2972   0.7129   0.9729  -0.2311  -0.2699
	  0.2714  -0.1538   0.2829   0.7415   0.9986  -0.0533  -0.2792
	 -0.1521   0.2934   0.3185   0.0697   0.4240  -0.9057   0.3302
	  0.0493   0.1169   0.2156   0.0874   0.5220  -0.8529   0.0740
	  0.1358   0.2787   0.3960   0.9388  -0.3753  -0.9269   0.3093
	 -0.0728   0.1486   0.1705   0.8022  -0.9467  -0.3221  -0.0210
	  0.0377  -0.1826   0.2286   0.1003   0.5894  -0.8078  -0.1697
	 -0.2906  -0.0377   0.4382   0.2478   0.9999  -0.0135   0.2900
1 1
000007ff 

2
9
	  0.1546  -0.2229   0.2957   0.9340  -0.4031  -0.9152  -0.1416
	  0.1623  -0.0701   0.3962   0.5836   0.5015  -0.8651  -0.1421
	  0.2975   0.0942   0.2273   0.7432   0.9991  -0.0426  -0.2933
	  0.1476   0.2571   0.3570   0.9394  -0.3718  -0.9283   0.2935
	 -0.0349  -0.2920   0.6499   0.5011   0.0072  -1.0000  -0.2918
	  0.0975   0.1643   0.1553   0.3374  -0.8529  -0.5221   0.1689
	 -0.1338   0.1550   0.4392   0.5473   0.2929  -0.9561   0.1874
	 -0.1130  -0.0786   0.6453   0.1109   0.6417  -0.7670   0.0122
	 -0.2282   0.2078   0.3149   0.1254   0.7087  -0.7055   0.3083
1 1
000001ff 

5
12
	  0.2997  -0.1572   0.2792   0.6984   0.9480  -0.3183  -0.3342
	  0.1234  -0.0585   0.1704   0.3820  -0.6754  -0.7374   0.0402
	 -0.0112  -0.2956   0.5052   0.4995  -0.0028  -1.0000  -0.2956
	  0.1009   0.2269   0.3793   0.5220   0.1376  -0.9905   0.2109
	 -0.1023  -0.0115   0.3938   0.4957  -0.0270  -0.9996  -0.0143
	 -0.1006   0.1558   0.1395   0.6888   0.9270  -0.3749   0.1517
	 -0.0089   0.2880   0.5695   0.9904  -0.0604  -0.9982   0.2870
	  0.0946   0.0508   0.4604   0.9654  -0.2158  -0.9764   0.0700
	 -0.2942   0.1516   0.3113   0.2456   0.9996  -0.0274   0.2983
	 -0.2674  -0.2495   0.0833   0.2385   0.9974  -0.0719   0.2488
	 -0.0898  -0.2117   0.3477   0.0090   0.0563  -0.9984  -0.2063
	  0.1128  -0.1517   0.2063   0.1290   0.7247  -0.6891  -0.1863
1 1
00000fff 

3
12
	  0.1877   0.1737   0.3143   0.6018   0.5971  -0.8022   0.0273
	  0.1892   0.0350   0.2752   0.9412  -0.3609  -0.9326   0.1010
	  0.2948  -0.1280   0.2401   0.7262   0.9889  -0.1489  -0.3106
	  0.0192  -0.2692   0.4775   0.5137   0.0861  -0.9963  -0.2698
	 -0.0206  -0.0271   0.3279   0.4498  -0.3100  -0.9507  -0.0322
	 -0.2748  -0.2208   0.2693   0.3736  -0.7132  -0.7009  -0.3508
	 -0.1573   0.2144   0.2969   0.4733  -0.1669  -0.9860   0.1852
	 -0.3057   0.2653   0.0795   0.2499   1.0000  -0.0008   0.3060
	  0.0021   0.2911   0.6079   0.9902  -0.0616  -0.9981   0.2906
	 -0.0945   0.1076   0.2310   0.1298   0.7282  -0.6854   0.1426
	 -0.1917  -0.1646   0.2905   0.9436  -0.3469  -0.9379  -0.2209
	  0.0427  -0.1517   0.2538   0.0884   0.5271  -0.8498  -0.1514
1 1
00000fff 

4
10
	  0.0518  -0.3181   0.2051   0.5024   0.0152  -0.9999  -0.3188
	  0.2636  -0.1462   0.2428   0.5356   0.2221  -0.9750  -0.2011
	  0.1484  -0.2458   0.1450   0.7542  -0.9997  -0.0263   0.1419
	 -0.2213  -0.1537   0.3032   0.4779  -0.1383  -0.9904  -0.1828
	 -0.0589  -0.2438   0.1621   0.2667  -0.9945  -0.1049  -0.0842
	  0.1889   0.1331   0.3750   0.7634  -0.9965  -0.0839   0.1994
	  0.0616   0.3333   0.2058   0.9652  -0.2169  -0.9762   0.3388
	 -0.1581   0.1486   0.2122   0.9982  -0.0111  -0.9999   0.1468
	 -0.3067   0.0234   0.3437   0.1858   0.9198  -0.3925   0.2913
	 -0.0385   0.2479   0.2299   0.2371   0.9967  -0.0808   0.0584
1 1
000003ff 

6
11
	  0.3154  -0.1220   0.2553   0.7423   0.9988  -0.0483  -0.3209
	 -0.0112  -0.2907   0.4351   0.4898  -0.0638  -0.9980  -0.2908
	  0.0376  -0.0139   0.2084   0.4649  -0.2189  -0.9757  -0.0053
	 -0.0646   0.1753   0.1636   0.6434   0.7839  -0.6209   0.1595
	  0.1427   0.2157   0.3589   0.4932  -0.0427  -0.9991   0.2216
	 -0.2918   0.0096   0.4841   0.2542  -0.9997  -0.0264  -0.2914
	  0.1683   0.2848   0.3503   0.9259  -0.4488  -0.8936   0.3300
	  0.1407   0.0699   0.3945   0.9397  -0.3700  -0.9290   0.1170
	 -0.1529   0.3111   0.3053   0.0534   0.3291  -0.9443   0.3441
	 -0.0880  -0.1261   0.2084   0.7735  -0.9891  -0.1472  -0.1056
	  0.0596  -0.1693   0.2569   0.0910   0.5412  -0.8409  -0.1747
1 1
000007ff 

0
9
	  0.1577  -0.2881   0.3154   0.5626   0.3835  -0.9235  -0.3266
	 -0.2769   0.0119   0.4844   0.2520  -0.9999  -0.0126  -0.2767
	  0.0235   0.1995   0.2659   0.4617  -0.2384  -0.9712   0.1994
	  0.1406   0.0128   0.3348   0.2511  -1.0000  -0.0069   0.1406
	 -0.1444   0.3089   0.2984   0.0558   0.3434  -0.9392   0.3397
	  0.1544   0.2855   0.3268   0.9252  -0.4528  -0.8916   0.3245
	  0.0420  -0.1983   0.2321   0.0710   0.4317  -0.9020  -0.1970
	 -0.1218   0.0057   0.4189   0.7562  -0.9992  -0.0390  -0.1215
	  0.2934  -0.0155   0.4532   0.7463   0.9997  -0.0235  -0.2937
1 1
000001ff 

1
8
	  0.0343  -0.2685   0.7482   0.4988  -0.0078  -1.0000  -0.2682
	  0.2818  -0.2130   0.2943   0.9303  -0.4239  -0.9057  -0.0735
	  0.1727   0.0714   0.4526   0.7544  -0.9996  -0.0276   0.1746
	 -0.2218  -0.1903   0.2930   0.0889   0.5302  -0.8479  -0.0438
	 -0.2191   0.2598   0.2857   0.0920   0.5463  -0.8376   0.3373
	 -0.2189   0.1255   0.2731   0.4593  -0.2531  -0.9674   0.0660
	 -0.1304  -0.0077   0.3071   0.2843  -0.9769  -0.2137  -0.1290
	  0.0646   0.3100   0.3267   0.9792  -0.1304  -0.9915   0.3157
1 1
000000ff 

